001; 1.000, 1.000, 1.000
002; 1.000, 1.000, 1.000
003; 1.000, 1.000, 1.000
004; 1.000, 1.000, 1.000
005; 1.000, 1.000, 1.000
006; 1.000, 1.000, 1.000
007; 1.182, 1.000, 1.000
008; 1.000, 1.000, 1.000
009; 1.000, 1.000, 1.000
010; 1.000, 1.000, 1.000
011; 1.000, 1.000, 1.000
012; 1.000, 1.000, 1.000
013; 1.000, 1.000, 1.000
014; 1.000, 1.000, 1.000
015; 1.000, 1.000, 1.000
016; 1.000, 1.000, 1.000
017; 1.857, 1.769, 1.778
018; 1.000, 1.000, 1.000
019; 1.000, 1.000, 1.000
020; 1.000, 1.000, 1.000
021; 1.000, 1.000, 1.000
022; 1.000, 1.000, 1.000
023; 1.000, 1.000, 1.000
024; 1.000, 1.000, 1.000
025; 1.000, 1.000, 1.000
026; 1.000, 1.000, 1.000
027; 1.000, 1.000, 1.000
028; 1.000, 1.000, 1.000
029; 0.538, 0.565, 0.563
030; 0.467, 0.391, 0.375
031; 0.556, 0.619, 0.500
032; 1.000, 1.000, 1.000
033; 0.538, 0.524, 0.438
034; 1.000, 1.000, 1.000
035; 0.455, 0.524, 0.438
036; 1.000, 1.000, 1.000
037; 0.636, 0.565, 0.625
038; 0.692, 0.652, 0.625
039; 1.000, 1.000, 1.000
040; 1.444, 1.615, 1.778
041; 1.000, 1.000, 1.000
042; 0.538, 0.478, 0.500
043; 0.538, 0.478, 0.500
044; 0.733, 0.652, 0.750
045; 0.385, 0.478, 0.438
046; 1.000, 0.913, 1.000
047; 0.692, 0.714, 0.813
048; 0.692, 0.714, 0.813
049; 1.000, 1.000, 1.000
050; 1.000, 1.000, 1.000
051; 1.000, 1.000, 1.000
052; 1.571, 1.769, 1.875
053; 2.200, 2.333, 2.143
054; 1.000, 1.000, 1.000
055; 1.000, 1.000, 1.000
056; 1.000, 1.000, 1.000
057; 0.455, 0.565, 0.500
058; 0.538, 0.565, 0.625
059; 0.538, 0.565, 0.625
060; 0.846, 0.913, 0.813
061; 1.000, 0.826, 0.875
062; 1.000, 1.000, 0.875
063; 1.182, 1.000, 0.875
064; 1.222, 1.118, 1.000
065; 1.182, 1.211, 1.231
066; 0.818, 0.882, 0.923
067; 1.444, 1.615, 1.600
068; 1.000, 1.095, 1.143
069; 1.154, 1.095, 1.143
070; 1.222, 1.235, 1.364
071; 1.000, 1.000, 1.000
072; 1.000, 1.000, 1.000
073; 0.538, 0.478, 0.500
074; 1.000, 1.000, 1.000
075; 1.000, 1.000, 0.875
076; 0.636, 0.619, 0.667
077; 1.182, 1.235, 1.333
078; 1.182, 1.211, 1.333
079; 1.000, 1.133, 1.091
080; 1.000, 1.000, 1.000
081; 1.000, 1.000, 1.000
082; 1.000, 1.000, 1.000
083; 0.692, 0.652, 0.750
084; 1.000, 1.000, 1.000
085; 0.538, 0.478, 0.438
086; 0.818, 0.739, 0.688
087; 1.000, 1.000, 1.000
088; 0.818, 0.739, 0.688
089; 0.733, 0.739, 0.813
090; 5.000, 3.286, 5.333
091; 0.692, 0.714, 0.813
092; 1.444, 1.533, 1.455
093; 2.143, 1.769, 1.778
094; 1.667, 1.769, 1.600
095; 1.000, 1.000, 1.000
096; 0.867, 0.810, 0.867
097; 0.846, 0.810, 0.813
098; 1.000, 1.000, 1.000
099; 1.000, 1.000, 1.000
100; 1.000, 1.000, 1.000
101; 1.000, 1.000, 1.000
102; 0.600, 0.652, 0.688
103; 1.000, 1.000, 1.000
104; 1.000, 0.619, 1.000
105; 0.692, 0.652, 0.625
106; 0.600, 0.652, 0.688
107; 0.600, 0.652, 0.688
108; 0.733, 0.652, 0.750
109; 0.846, 0.913, 0.875
110; 0.846, 0.826, 0.813
111; 1.182, 1.105, 1.143
112; 1.000, 1.000, 1.000
113; 1.000, 0.882, 1.000
114; 1.000, 0.913, 1.000
115; 1.000, 0.913, 1.000
116; 1.000, 1.000, 1.000
117; 1.000, 1.000, 1.000
118; 0.467, 0.478, 0.438
119; 0.733, 0.739, 0.750
120; 1.444, 1.533, 1.455
121; 1.444, 1.353, 1.333
122; 1.000, 1.000, 1.000
123; 1.000, 1.000, 1.000
124; 1.000, 1.000, 1.000
125; 0.846, 0.913, 0.938
126; 1.000, 1.000, 1.000
127; 1.000, 1.000, 1.000
128; 0.538, 0.714, 1.000
129; 0.385, 0.478, 0.438
130; 1.000, 1.000, 1.000
131; 1.000, 1.000, 1.000
132; 1.000, 1.000, 1.000
133; 1.000, 1.000, 1.000
134; 1.000, 1.000, 1.000
135; 1.000, 1.000, 1.000
136; 1.000, 1.000, 1.000
137; 1.000, 1.000, 1.000
138; 0.846, 0.739, 0.750
139; 0.846, 0.739, 0.750
140; 0.846, 0.739, 0.750
141; 0.846, 0.739, 0.750
142; 0.846, 0.739, 0.750
143; 0.846, 0.913, 0.938
144; 0.867, 1.000, 1.000
145; 1.000, 1.000, 1.000
146; 1.000, 1.000, 1.000
147; 1.000, 1.000, 1.000
148; 0.385, 0.478, 0.438
149; 0.385, 0.478, 0.438
150; 0.385, 0.478, 0.438
151;-0.556, 0.478, 0.438
152; 0.385, 0.478, 0.438
153; 0.692, 0.739, 0.750
154; 0.692, 0.739, 0.750
155; 0.692, 0.739, 0.750
156; 0.692, 0.739, 0.750
157; 0.692, 0.739, 0.750
158; 1.000, 1.000, 1.000
159; 1.000, 1.000, 1.000
160; 1.000, 1.000, 1.000
161; 1.000, 1.000, 1.000
162; 1.000, 1.000, 1.000
163; 1.000, 1.000, 1.000
164; 1.000, 0.905, 0.938
165; 1.000, 1.000, 1.000
166; 1.182, 1.105, 1.143
167; 1.000, 0.826, 0.875
168; 1.000, 1.000, 1.000
169; 1.000, 1.000, 1.000
170; 0.636, 0.565, 0.688
171; 1.182, 1.211, 1.067
172; 1.857, 1.533, 1.600
173; 0.692, 0.810, 0.688
174; 0.846, 1.000, 1.000
175; 0.538, 0.619, 0.750
176; 0.846, 0.810, 0.875
177; 0.692, 0.714, 0.813
178; 0.692, 0.714, 0.813
179; 1.000, 1.000, 1.000
180; 0.636, 0.565, 0.500
181; 0.538, 0.565, 0.500
182; 0.538, 0.619, 0.625
183; 1.000, 1.000, 1.000
184; 0.600, 0.826, 0.933
185; 0.867, 0.826, 1.067
187; 0.538, 0.478, 0.438
