	0, 0, 0,
	0, 0, 0,
	0, 0, 4,
	0, 4, 8,
	0, 4, 8,
	0, 4, 8,
	0, 4, 12,
	0, 4, 16,
	0, 8, 16,
	0, 8, 16,
	0, 8, 20,
	0, 8, 24,
	0, 8, 24,
	0, 12, 24,
	0, 12, 28,
	0, 12, 32,
	0, 12, 32,
	0, 12, 32,
	0, 16, 36,
	0, 16, 40,
	0, 16, 40,
	0, 16, 40,
	0, 16, 44,
	0, 20, 48,
	0, 20, 48,
	0, 20, 48,
	0, 20, 52,
	0, 20, 56,
	0, 24, 56,
	0, 24, 56,
	0, 24, 60,
	0, 24, 64,
	0, 24, 64,
	0, 28, 64,
	0, 28, 68,
	0, 28, 72,
	0, 28, 72,
	0, 28, 72,
	0, 32, 76,
	0, 32, 80,
	0, 32, 80,
	0, 32, 80,
	0, 32, 84,
	0, 32, 88,
	0, 36, 88,
	0, 36, 88,
	0, 36, 92,
	0, 36, 96,
	0, 36, 96,
	0, 40, 96,
	0, 40, 100,
	0, 40, 104,
	0, 40, 104,
	0, 40, 104,
	0, 44, 108,
	0, 44, 112,
	0, 44, 112,
	0, 44, 112,
	0, 44, 116,
	0, 48, 120,
	0, 48, 120,
	0, 48, 120,
	0, 48, 124,
	0, 48, 128,
	0, 52, 128,
	0, 52, 128,
	0, 52, 132,
	0, 52, 136,
	0, 52, 136,
	0, 56, 136,
	0, 56, 140,
	0, 56, 144,
	0, 56, 144,
	0, 56, 144,
	0, 60, 148,
	0, 60, 152,
	0, 60, 152,
	0, 60, 152,
	0, 60, 156,
	0, 64, 160,
	0, 64, 160,
	0, 64, 160,
	0, 64, 164,
	0, 64, 168,
	0, 68, 168,
	0, 68, 168,
	0, 68, 172,
	0, 68, 176,
	0, 68, 176,
	0, 72, 176,
	0, 72, 180,
	0, 72, 184,
	0, 72, 184,
	0, 72, 184,
	0, 76, 188,
	0, 76, 192,
	0, 76, 192,
	0, 76, 192,
	0, 76, 196,
	0, 80, 200,
	0, 80, 200,
	0, 80, 200,
	0, 80, 204,
	0, 80, 208,
	0, 84, 208,
	0, 84, 208,
	0, 84, 212,
	0, 84, 216,
	0, 84, 216,
	0, 88, 216,
	0, 88, 220,
	0, 88, 224,
	0, 88, 224,
	0, 88, 224,
	0, 92, 228,
	0, 92, 232,
	0, 92, 232,
	0, 92, 232,
	0, 92, 236,
	0, 96, 240,
	0, 96, 240,
	0, 96, 240,
	0, 96, 244,
	0, 96, 248,
	0, 96, 248,
	0, 100, 248,
	0, 100, 252,
	0, 100, 252,
	0, 100, 252,
	0, 100, 252,
	4, 104, 252,
	8, 104, 252,
	8, 104, 252,
	8, 104, 252,
	12, 108, 252,
	16, 108, 252,
	16, 108, 252,
	16, 112, 252,
	20, 112, 252,
	24, 112, 252,
	24, 116, 252,
	24, 116, 252,
	28, 116, 252,
	32, 116, 252,
	32, 120, 252,
	32, 120, 252,
	36, 120, 252,
	40, 124, 252,
	40, 124, 252,
	40, 124, 252,
	44, 128, 252,
	48, 128, 252,
	48, 128, 252,
	48, 128, 252,
	52, 132, 252,
	56, 132, 252,
	56, 132, 252,
	56, 136, 252,
	60, 136, 252,
	64, 136, 252,
	64, 136, 252,
	64, 140, 252,
	68, 140, 252,
	72, 140, 252,
	72, 144, 252,
	72, 144, 252,
	76, 144, 252,
	80, 148, 252,
	80, 148, 252,
	80, 148, 252,
	84, 148, 252,
	88, 152, 252,
	88, 152, 252,
	88, 152, 252,
	92, 156, 252,
	96, 156, 252,
	96, 156, 252,
	96, 160, 252,
	100, 160, 252,
	104, 160, 252,
	104, 160, 252,
	104, 164, 252,
	108, 164, 252,
	112, 164, 252,
	112, 168, 252,
	112, 168, 252,
	116, 168, 252,
	120, 172, 252,
	120, 172, 252,
	120, 172, 252,
	124, 172, 252,
	128, 176, 252,
	128, 176, 252,
	128, 176, 252,
	132, 180, 252,
	136, 180, 252,
	136, 180, 252,
	136, 180, 252,
	140, 184, 252,
	144, 184, 252,
	144, 184, 252,
	144, 188, 252,
	148, 188, 252,
	152, 188, 252,
	152, 192, 252,
	152, 192, 252,
	156, 192, 252,
	160, 192, 252,
	160, 196, 252,
	160, 196, 252,
	164, 196, 252,
	168, 200, 252,
	168, 200, 252,
	168, 200, 252,
	172, 204, 252,
	176, 204, 252,
	176, 204, 252,
	176, 204, 252,
	180, 208, 252,
	184, 208, 252,
	184, 208, 252,
	184, 212, 252,
	188, 212, 252,
	192, 212, 252,
	192, 216, 252,
	192, 216, 252,
	196, 216, 252,
	200, 216, 252,
	200, 220, 252,
	200, 220, 252,
	204, 220, 252,
	208, 224, 252,
	208, 224, 252,
	208, 224, 252,
	212, 224, 252,
	216, 228, 252,
	216, 228, 252,
	216, 228, 252,
	220, 232, 252,
	224, 232, 252,
	224, 232, 252,
	224, 236, 252,
	228, 236, 252,
	232, 236, 252,
	232, 236, 252,
	232, 240, 252,
	236, 240, 252,
	240, 240, 252,
	240, 244, 252,
	240, 244, 252,
	244, 244, 252,
	248, 248, 252,
	248, 248, 252,
	248, 248, 252,
	252, 248, 252,
	252, 252, 252,
